image_index,true_positive_rate,false_positive_rate,true_negative_rate,false_negative_rate,accuracy,precision,recall
0,0.5536243822075783,0.017982770997846374,0.9820172290021536,0.44637561779242174,0.7587158822743666,0.9306286347272223,0.5536243822075783
1,0.9965285813469105,0.16113119762325176,0.8388688023767482,0.0034714186530895625,0.9991244965855367,0.4282446544007956,0.9965285813469105
2,0.9558441558441558,0.42486457204767064,0.5751354279523294,0.04415584415584416,0.9888752556237219,0.1580246913580247,0.9558441558441558
3,0.7595266933755707,0.7168141592920354,0.2831858407079646,0.24047330662442934,0.7610406443847791,0.2798393464007415,0.7595266933755707
4,0.9876520457058606,0.6868738850006861,0.31312611499931386,0.012347954294139329,0.986675284641774,0.34867757571814306,0.9876520457058606
5,0.9708668636039524,0.7072080919179023,0.2927919080820976,0.02913313639604767,0.9562841530054644,0.5696100403406544,0.9708668636039524
6,0.8317473743568056,0.1245496455274474,0.8754503544725526,0.1682526256431945,0.8781272337383845,0.7858807858807859,0.8317473743568056
7,0.9740798341109383,0.11091260260743602,0.8890873973925639,0.02592016588906169,0.9738240452320498,0.891070327690046,0.9740798341109383
8,0.9088533159098334,0.33932569685563163,0.6606743031443684,0.09114668409016662,0.9448979591836735,0.4438653406371324,0.9088533159098334
9,0.9654238368387508,0.038222037717945676,0.9617779622820544,0.0345761631612492,0.9888512124948623,0.8245781164942841,0.9654238368387508
10,0.9221484610742305,0.24685260783921895,0.7531473921607811,0.07785153892576946,0.9756143667296786,0.3464590733882549,0.9221484610742305
11,0.9099946470903112,0.03955725587787394,0.960442744122126,0.09000535290968877,0.9413143199042681,0.9178557655225608,0.9099946470903112
12,0.969758064516129,0.11967815509376584,0.8803218449062341,0.03024193548387097,0.9860185870548565,0.6839815976578837,0.969758064516129
13,0.6376121838455262,0.6244256570483367,0.3755743429516633,0.36238781615447374,0.7607719928186715,0.1870064608758076,0.6376121838455262
14,0.8641025641025641,0.10007649158592555,0.8999235084140744,0.1358974358974359,0.9941405710179376,0.14655359860839312,0.8641025641025641
15,0.7556438127090301,0.15717287596547025,0.8428271240345298,0.2443561872909699,0.9343885053600494,0.3950819672131147,0.7556438127090301
16,0.9586355089981198,0.3287780514030037,0.6712219485969962,0.04136449100188021,0.9701771939450666,0.5304171207767759,0.9586355089981198
17,0.9498768906085121,0.05295514880536538,0.9470448511946347,0.05012310939148786,0.9708096481794438,0.876928072739081,0.9498768906085121
18,0.9609856262833676,0.395454312509609,0.6045456874903911,0.039014373716632446,0.9969111969111969,0.05718125725456656,0.9609856262833676
19,0.8673139158576052,0.09400635867645327,0.9059936413235468,0.13268608414239483,0.9025093595062228,0.8402374758188246,0.8673139158576052
20,0.6635170603674541,0.2500065625410159,0.7499934374589842,0.33648293963254594,0.9588006555901919,0.1171672228401928,0.6635170603674541
21,0.8729615991583377,0.5702247191011236,0.4297752808988764,0.1270384008416623,0.9141066109456275,0.2643463024172673,0.8729615991583377
22,0.5871401976227982,0.03175686315678967,0.9682431368432103,0.41285980237720177,0.6399550412122221,0.9531189461449051,0.5871401976227982
23,0.8733688415446071,0.006309633733456448,0.9936903662665435,0.1266311584553928,0.9533205713444265,0.969692489651094,0.8733688415446071
24,0.42771084337349397,0.00863583873073254,0.9913641612692674,0.572289156626506,0.9952202460315464,0.1710843373493976,0.42771084337349397
25,0.8900755405053399,0.1573794972484168,0.8426205027515832,0.10992445949466007,0.9756989433071319,0.37516469038208167,0.8900755405053399
26,0.9261849261849262,0.29377728411644666,0.7062227158835533,0.07381507381507381,0.9933848617784277,0.094866693195384,0.9261849261849262
27,0.7050724637681159,0.05167087011349306,0.948329129886507,0.29492753623188406,0.8803029189030218,0.7807944362712318,0.7050724637681159
28,0.9336005344021376,0.23078579117330464,0.7692142088266953,0.06639946559786239,0.9698723971751584,0.4821970742478609,0.9336005344021376
29,0.8868558625840179,0.47489416429987674,0.5251058357001233,0.11314413741598207,0.9731609017228398,0.11816508283994229,0.8868558625840179
30,0.11808118081180811,0.053640237833975556,0.9463597621660245,0.8819188191881919,0.962864171953904,0.04367606915377616,0.11808118081180811
31,0.8269525267993875,0.10373018585210694,0.8962698141478931,0.17304747320061256,0.9813700436897206,0.2910528206970895,0.8269525267993875
32,0.9191842458949336,0.6014768209026958,0.39852317909730417,0.08081575410506632,0.8998442988014629,0.5332926498508272,0.9191842458949336
33,0.9503229311281464,0.22143984978449197,0.7785601502155081,0.049677068871853684,0.9538081607453556,0.7521138871638083,0.9503229311281464
34,0.8410179640718562,0.02089470812875068,0.9791052918712493,0.15898203592814372,0.9732930969445492,0.7857342657342657,0.8410179640718562
35,0.9900845727617381,0.3852779524760056,0.6147220475239944,0.009915427238261883,0.9973789700894233,0.19416642836717185,0.9900845727617381
36,0.8699029126213592,0.2548370541442135,0.7451629458557865,0.13009708737864079,0.9911267092672913,0.08275607278101044,0.8699029126213592
37,0.9765272496831432,0.1615782983970407,0.8384217016029593,0.02347275031685678,0.9750988248581494,0.8546454876209069,0.9765272496831432
38,0.6032646048109965,0.5737306064880113,0.4262693935119887,0.3967353951890034,0.6741806893145659,0.30146395912935214,0.6032646048109965
39,0.7361063757245141,0.10267893274341058,0.8973210672565894,0.26389362427548585,0.9581259467647695,0.3619446772841576,0.7361063757245141
40,0.9601001177856302,0.08320284268850879,0.9167971573114913,0.039899882214369846,0.9855497493867975,0.7023912106850495,0.9601001177856302
41,0.974943904263276,0.1604511600492954,0.8395488399507046,0.02505609573672401,0.9960678443570632,0.3032805956258725,0.974943904263276
42,0.9583333333333334,0.04031556039173014,0.9596844396082699,0.041666666666666664,0.9930147724626808,0.6769130150425114,0.9583333333333334
43,0.9789085156867915,0.6267173758022344,0.37328262419776564,0.021091484313208543,0.9706066061652644,0.5847612448028222,0.9789085156867915
44,0.6768060836501901,0.04306206002768696,0.956937939972313,0.3231939163498099,0.9034401007581557,0.7368610511159107,0.6768060836501901
45,0.3647284122562674,0.10628794955628211,0.8937120504437179,0.6352715877437326,0.8175864827034593,0.3652370990237099,0.3647284122562674
46,0.7264314632735686,0.07971649061354058,0.9202835093864594,0.27356853672643144,0.9502537270265295,0.4630414746543779,0.7264314632735686
47,0.8325849903784477,0.010655604359850333,0.9893443956401496,0.16741500962155229,0.9739839019163199,0.8685178989628638,0.8325849903784477
48,0.7011478638864362,0.06143925307591882,0.9385607469240812,0.2988521361135638,0.7946180596074405,0.8692320646682384,0.7011478638864362
49,0.9530408006158584,0.1198328607670497,0.8801671392329503,0.04695919938414165,0.9831909616974374,0.6065654091131798,0.9530408006158584
50,0.1975565375617364,0.12340295310228751,0.8765970468977125,0.8024434624382636,0.2796519767984532,0.7673445838742248,0.1975565375617364
51,0.9890463917525774,0.4440803162713275,0.5559196837286725,0.01095360824742268,0.9985180665126618,0.08248696867107314,0.9890463917525774
52,0.9996195548792087,0.6327893388596264,0.3672106611403736,0.00038044512079132587,0.9997779874562913,0.19291483113069016,0.9996195548792087
53,0.5810981781376519,0.47220837487537387,0.5277916251246261,0.4189018218623482,0.7648019889895223,0.23256873765760291,0.5810981781376519
54,0.9750604402595751,0.25021001213403443,0.7497899878659656,0.024939559740424992,0.9878086707719101,0.48793377905125757,0.9750604402595751
55,0.6312849162011173,0.031007552792478035,0.968992447207522,0.3687150837988827,0.9797902472632627,0.3596816976127321,0.6312849162011173
56,0.9218192627824019,0.06907850742276314,0.9309214925772369,0.07818073721759809,0.9592490251271854,0.8182777728911954,0.9218192627824019
57,0.9415823367065317,0.35364564056469094,0.6463543594353091,0.05841766329346826,0.9905046728971962,0.1327152489626556,0.9415823367065317
58,1.0,0.6870502456807736,0.3129497543192265,0.0,1.0,0.2806359532660648,1.0
59,0.9922377043965134,0.5016266523905613,0.4983733476094387,0.00776229560348667,0.9912673132672417,0.5614559331797235,0.9922377043965134
60,0.7577821011673151,0.041055116493893054,0.958944883506107,0.24221789883268482,0.9871148024528449,0.32744850777637663,0.7577821011673151
61,0.47,0.0283419689119171,0.9716580310880829,0.53,0.9625706214689266,0.3755707762557078,0.47
62,0.6455405792945225,0.06564785145016844,0.9343521485498316,0.3544594207054775,0.9363526352377765,0.48429432013769363,0.6455405792945225
63,0.3062150837988827,0.07028816199376947,0.9297118380062306,0.6937849162011173,0.587159775607729,0.7084006462035541,0.3062150837988827
64,0.7771469127040455,0.16121096916668995,0.83878903083331,0.22285308729595457,0.9464392324093817,0.3629032258064516,0.7771469127040455
65,0.984760223595175,0.7581830036948489,0.24181699630515105,0.015239776404824948,0.9772976289608625,0.4896717186494236,0.984760223595175
66,0.4268445185493956,0.04358926624291907,0.956410733757081,0.5731554814506045,0.930793235353332,0.3845287269996245,0.4268445185493956
67,0.8092725713908857,0.0033417884607641825,0.9966582115392358,0.1907274286091143,0.8648882244387862,0.9932815282499595,0.8092725713908857
68,0.9875428215509188,0.04952567343499416,0.9504743265650059,0.012457178449081284,0.9979067455125857,0.6350891247746846,0.9875428215509188
69,0.9658048373644704,0.15975214084357214,0.8402478591564279,0.03419516263552961,0.9951870873074101,0.2782650486603388,0.9658048373644704
70,0.5897636257081461,0.43206903471804137,0.5679309652819586,0.4102363742918539,0.8446113433719339,0.16688778330569376,0.5897636257081461
71,0.9937960449786739,0.4182595717811836,0.5817404282188163,0.006203955021326095,0.9974861542087278,0.2602162546322148,0.9937960449786739
72,0.8240625,0.3067663043478261,0.693233695652174,0.1759375,0.9615358338457334,0.1893580353295993,0.8240625
73,0.7494465965688988,0.15113511534236543,0.8488648846576345,0.2505534034311013,0.9017309674968799,0.5223722275795564,0.7494465965688988
74,0.8330675172780436,0.40294718251559136,0.5970528174844086,0.1669324827219564,0.9517405671251825,0.17670275146594497,0.8330675172780436
75,0.9843396700443849,0.7739406251113725,0.22605937488862754,0.01566032995561511,0.9797520437442477,0.3511801613385121,0.9843396700443849
76,0.9776609724047306,0.79761620977354,0.20238379022646008,0.022339027595269383,0.9641274530491665,0.5264647608264931,0.9776609724047306
77,0.9323427964977448,0.007948993955452514,0.9920510060445474,0.06765720350225524,0.987239472564866,0.9242503945291951,0.9323427964977448
78,0.635286783042394,0.09818688189155395,0.9018131181084461,0.364713216957606,0.908355091383812,0.4694410319410319,0.635286783042394
79,0.8582510578279267,0.22953708983463791,0.7704629101653621,0.14174894217207334,0.9871749880363694,0.12081802839273305,0.8582510578279267
80,0.9498717649801819,0.42129718031952135,0.5787028196804787,0.05012823501981814,0.9683730508973227,0.3809969138688862,0.9498717649801819
81,0.9464408331425955,0.27471051116371314,0.7252894888362869,0.05355916685740444,0.9706398996235884,0.4905682761893463,0.9464408331425955
82,0.9806201550387597,0.036409843490513814,0.9635901565094862,0.01937984496124031,0.9997406504486748,0.14882352941176472,0.9806201550387597
83,0.5700796148861322,0.22676955981386746,0.7732304401861325,0.4299203851138678,0.8652975983292726,0.28183066361556064,0.5700796148861322
84,0.9641422834193919,0.018075258804841978,0.981924741195158,0.03585771658060815,0.9936652730267326,0.8358617259388212,0.9641422834193919
85,0.958930276981853,0.15364670243626935,0.8463532975637307,0.041069723018147083,0.9974748957660462,0.14365431392187725,0.958930276981853
86,0.060751104565537555,0.5434770947323249,0.45652290526767514,0.9392488954344624,0.7710875807609476,0.00807714901116115,0.060751104565537555
87,0.8534217381008762,0.06870335690527433,0.9312966430947257,0.14657826189912385,0.9675585021356883,0.5945232596502804,0.8534217381008762
88,0.9824874665201566,0.6782892409292818,0.32171075907071817,0.01751253347984342,0.9778260869565217,0.45328094800544977,0.9824874665201566
89,0.6578638497652582,0.3670266836086404,0.6329733163913596,0.3421361502347418,0.8141003156787092,0.32665073722244886,0.6578638497652582
90,0.3588820664831675,0.3660175184964708,0.6339824815035292,0.6411179335168325,0.7989108779386372,0.11604025467241734,0.3588820664831675
91,0.8679413072476656,0.09529040617430004,0.9047095938256999,0.13205869275233437,0.9680739566257289,0.535748593385481,0.8679413072476656
92,0.9873895175364522,0.4704321626118631,0.5295678373881368,0.012610482463547824,0.9849477539226557,0.6263928571428572,0.9873895175364522
93,0.700107296137339,0.010366122629025143,0.9896338773709749,0.2998927038626609,0.9451180599872367,0.8740790354989953,0.700107296137339
94,0.7206235011990407,0.24511055507327784,0.7548894449267222,0.2793764988009592,0.9847876473084582,0.058915792569355946,0.7206235011990407
95,0.9689392872235526,0.3407100224788776,0.6592899775211224,0.031060712776447386,0.972132701421801,0.6101206315416001,0.9689392872235526
96,0.9130028857579359,0.04117938904245517,0.9588206109575448,0.08699711424206416,0.9485738654893009,0.9025085997147412,0.9130028857579359
97,0.4621409921671018,0.013765714115082565,0.9862342858849175,0.5378590078328982,0.8372714388606213,0.8671469740634006,0.4621409921671018
98,0.634900193174501,0.01696752859543557,0.9830324714045644,0.36509980682549903,0.9440110595437938,0.7590454195535027,0.634900193174501
99,0.9143850499782703,0.14032202445688213,0.8596779755431179,0.08561495002172968,0.9887128656143467,0.28455504463078174,0.9143850499782703
100,0.9320020547065622,0.2097355277163678,0.7902644722836322,0.06799794529343778,0.9410618878005342,0.7391282207964152,0.9320020547065622
101,0.4862535904800985,0.4200942416739877,0.5799057583260123,0.5137464095199015,0.9016959798994975,0.06984969053934571,0.4862535904800985
102,0.7308231664563175,0.1362576734789028,0.8637423265210972,0.2691768335436825,0.8096300704155509,0.7482412060301508,0.7308231664563175
103,0.8233043092451888,0.1498019937184214,0.8501980062815786,0.17669569075481115,0.8402807369344529,0.8185377150419056,0.8233043092451888
104,0.9886176631925397,0.3821694998165586,0.6178305001834413,0.01138233680746023,0.9939818003842946,0.365771982343092,0.9886176631925397
105,0.9661818442358673,0.4757132434819337,0.5242867565180662,0.03381815576413269,0.9663853576897056,0.521179562495169,0.9661818442358673
106,0.7035398230088495,0.008925428671996782,0.9910745713280033,0.29646017699115046,0.9966257050765511,0.3093385214007782,0.7035398230088495
107,0.6111904082215244,0.11891388333287667,0.8810861166671233,0.38880959177847557,0.9264221273837178,0.330350254590341,0.6111904082215244
108,0.8566350710900474,0.14481102526623513,0.8551889747337649,0.14336492890995262,0.9860494610019024,0.2067486416928796,0.8566350710900474
109,0.8388975155279503,0.08935442496793501,0.910645575032065,0.1611024844720497,0.9776105311429419,0.39255222524977296,0.8388975155279503
110,0.9887144895576598,0.13170852559536714,0.8682914744046328,0.011285510442340121,0.9951442763855556,0.6418526315789473,0.9887144895576598
111,0.822086824067022,0.019769702407656648,0.9802302975923434,0.17791317593297792,0.9423309551435555,0.8908880818752063,0.822086824067022
112,0.8696223933871877,0.05603137526314272,0.9439686247368573,0.13037760661281234,0.9641815695078837,0.7043517954960439,0.8696223933871877
113,0.29974844432675757,0.45770065075921906,0.5422993492407809,0.7002515556732424,0.4600857492854226,0.28438638362014823,0.29974844432675757
114,0.21929824561403508,0.06709869383226587,0.9329013061677341,0.7807017543859649,0.985800138275807,0.027412280701754384,0.21929824561403508
115,0.8910857908847185,0.1268100280959585,0.8731899719040415,0.1089142091152815,0.9817574583929725,0.36162110703114375,0.8910857908847185
116,0.9455487212690191,0.3388311952759112,0.6611688047240888,0.0544512787309809,0.9482795731988561,0.6370615948351073,0.9455487212690191
117,0.9351034349423213,0.09426949311767349,0.9057305068823265,0.06489656505767867,0.9479573115584382,0.8627660839576644,0.9351034349423213
118,0.7368810051736882,0.032230385584812574,0.9677696144151874,0.2631189948263119,0.9639584915211339,0.6239048811013768,0.7368810051736882
119,0.3885457353074757,0.18601935268601935,0.8139806473139807,0.6114542646925243,0.46274791492078693,0.7189075630252101,0.3885457353074757
120,0.8259217027746104,0.17335224383847575,0.8266477561615243,0.1740782972253896,0.9730429664508534,0.25118483412322273,0.8259217027746104
121,0.7851159793814433,0.21541473317865428,0.7845852668213457,0.21488402061855671,0.8547078364101727,0.6212874442319949,0.7851159793814433
122,0.9619771863117871,0.112555360465421,0.887444639534579,0.03802281368821293,0.9960866526904263,0.29195515990768217,0.9619771863117871
123,0.7729748127978217,0.0086611623765582,0.9913388376234418,0.22702518720217835,0.966936003569127,0.8761574074074074,0.7729748127978217
124,0.9854336686278231,0.29613189600507295,0.703868103994927,0.014566331372176883,0.9823070051580555,0.7875099533613923,0.9854336686278231
125,0.93190598840953,0.8244850594720047,0.17551494052799535,0.06809401159047006,0.9065709552733296,0.33741330069359443,0.93190598840953
126,0.5143793679262787,0.043179052494649824,0.9568209475053502,0.4856206320737213,0.6646092732204258,0.8898994222127113,0.5143793679262787
127,0.9995876288659794,0.676274118429807,0.32372588157019294,0.0004123711340206186,0.9998629198080877,0.0870846057122328,0.9995876288659794
128,0.6918461958003818,0.1290011834970963,0.8709988165029037,0.30815380419961824,0.9379853469802156,0.35119047619047616,0.6918461958003818
129,0.9727296657015004,0.10011901928112354,0.8998809807188765,0.027270334298499604,0.9730313679552258,0.8978134110787171,0.9727296657015004
130,0.9980200723697685,0.452372500295823,0.547627499704177,0.0019799276302314467,0.99796918767507,0.5603557327404455,0.9980200723697685
131,0.8992478410251649,0.7383941705723376,0.2616058294276624,0.10075215897483518,0.8887236551971693,0.30970960726621466,0.8992478410251649
132,0.1078902128164088,0.3346591154727422,0.6653408845272578,0.8921097871835912,0.3637862517967363,0.19035665725342538,0.1078902128164088
133,0.847830118694362,0.19352409638554216,0.8064759036144579,0.152169881305638,0.9088004001444966,0.6178955193620328,0.847830118694362
134,0.657563025210084,0.0344321712115982,0.9655678287884017,0.34243697478991597,0.9116661740072913,0.7420258620689655,0.657563025210084
135,0.9861946114451124,0.5084467083628861,0.4915532916371139,0.013805388554887553,0.9898164497187205,0.3596573145478907,0.9861946114451124
136,0.8219409282700422,0.004740435398686075,0.9952595646013139,0.1780590717299578,0.9894571164463987,0.8411053540587219,0.8219409282700422
137,0.8983688833124216,0.17097685537324786,0.8290231446267522,0.10163111668757842,0.9809579782544814,0.3127320375627866,0.8983688833124216
138,0.49510763209393344,0.0939246626978969,0.9060753373021031,0.5048923679060665,0.9583434245580044,0.17360475754803292,0.49510763209393344
139,0.6167170745119605,0.19471277802605796,0.8052872219739421,0.3832829254880396,0.7828547691988161,0.5429678044057129,0.6167170745119605
140,0.9817804636060251,0.9226991318783938,0.07730086812160619,0.018219536393974927,0.9701271813073056,0.2897798365412773,0.9817804636060251
141,0.9145770184623864,0.3680404718044596,0.6319595281955404,0.08542298153761367,0.9769722180953796,0.19868302903322357,0.9145770184623864
142,0.7298782881821752,0.4108082129602435,0.5891917870397565,0.2701217118178249,0.9456169472768952,0.10779936213395187,0.7298782881821752
143,0.9597989949748744,0.04291757466991411,0.9570824253300859,0.04020100502512563,0.9979148204139081,0.36325599087105365,0.9597989949748744
144,0.9129144626499807,0.07916524543396694,0.920834754566033,0.08708553735001935,0.9645873773673994,0.7348634333783363,0.9129144626499807
145,0.28565382987727467,0.333723611850275,0.666276388149725,0.7143461701227254,0.567556489214531,0.26406384476957984,0.28565382987727467
146,0.8436703483432455,0.2647914895809185,0.7352085104190814,0.15632965165675447,0.9876939539860888,0.08808657855051893,0.8436703483432455
147,0.6148445336008024,0.21511165807758378,0.7848883419224162,0.38515546639919757,0.9759954991560917,0.06808841497278685,0.6148445336008024
148,0.943756374763223,0.17400488879500256,0.8259951112049975,0.05624362523677692,0.9777007510109763,0.529037000735114,0.943756374763223
149,0.8855938363134176,0.12904199752422935,0.8709580024757707,0.11440616368658235,0.956892065839564,0.5876905267219756,0.8855938363134176
150,0.8568793803024715,0.003379012577435705,0.9966209874225643,0.1431206196975286,0.9807262431076449,0.9485504287464271,0.8568793803024715
151,0.03473885960709152,0.0015072852118573103,0.9984927147881427,0.9652611403929084,0.8167595224559409,0.7286432160804021,0.03473885960709152
152,0.15978221415607985,0.027607244995233555,0.9723927550047664,0.8402177858439202,0.5447787610619469,0.7524786324786324,0.15978221415607985
153,0.9271199687377882,0.2766429243381266,0.7233570756618733,0.0728800312622118,0.9541092519685039,0.5354321823516136,0.9271199687377882
154,0.7617446023651947,0.062144690251112626,0.9378553097488874,0.23825539763480524,0.8909713775041581,0.785874188493396,0.7617446023651947
155,0.8907381615598886,0.5060842433697348,0.4939157566302652,0.10926183844011142,0.890252859091386,0.49641013699693404,0.8907381615598886
156,0.9455411844792376,0.131084460976079,0.8689155390239209,0.05445881552076242,0.9736205759507585,0.6709064562872323,0.9455411844792376
157,0.9791427308882015,0.06801464179884957,0.9319853582011505,0.0208572691117985,0.9876714117800706,0.8502686108979278,0.9791427308882015
158,0.9405549750377337,0.3034058686717431,0.6965941313282569,0.05944502496226634,0.9669560166510698,0.45965728551974583,0.9405549750377337
159,0.6194526055357972,0.15545880177735366,0.8445411982226464,0.3805473944642029,0.867858676975945,0.43453736847814295,0.6194526055357972
160,0.9827155351936693,0.6226774248536848,0.3773225751463151,0.017284464806330696,0.9908620499834856,0.17716624117735397,0.9827155351936693
161,0.7689148163581165,0.09128916857032024,0.9087108314296798,0.23108518364188343,0.8140982664495738,0.8591286997006984,0.7689148163581165
162,0.2779849865445446,0.0073330145066156545,0.9926669854933844,0.7220150134554554,0.445453721330795,0.9770992366412213,0.2779849865445446
163,0.7659516202647193,0.11075916681012223,0.8892408331898778,0.2340483797352807,0.8696724019620301,0.7228635423845624,0.7659516202647193
164,0.7400646510743487,0.026884660775452634,0.9731153392245474,0.2599353489256513,0.9323819652264239,0.8064649813510153,0.7400646510743487
165,0.8366633366633367,0.05855571345860308,0.9414442865413969,0.16333666333666333,0.9828355466904625,0.42948717948717946,0.8366633366633367
166,0.9699096640020797,0.157884045016861,0.842115954983139,0.030090335997920322,0.9746835443037974,0.7934077618288145,0.9699096640020797
167,0.9571621101270696,0.029616371741186007,0.970383628258814,0.0428378898729303,0.9775070764253943,0.9189463955637708,0.9571621101270696
168,0.7911016303519732,0.13676466190148637,0.8632353380985136,0.20889836964802683,0.9254850807109082,0.531694828469022,0.7911016303519732
169,0.8665335903083701,0.036078831658291455,0.9639211683417085,0.13346640969162996,0.9054607508532423,0.9319662422268286,0.8665335903083701
170,0.9509345794392523,0.35328061551613593,0.6467193844838641,0.04906542056074766,0.9906326667162293,0.15587897357334354,0.9509345794392523
171,0.9454764132032607,0.14801488452194236,0.8519851154780577,0.05452358679673928,0.9770754319426885,0.5951379542395693,0.9454764132032607
172,0.8561748263594783,0.2024583912789915,0.7975416087210084,0.14382517364052178,0.8660672030288689,0.7706226175349428,0.8561748263594783
173,0.6312780726827276,0.10036465158680417,0.8996353484131958,0.3687219273172724,0.9056500274273176,0.4674225245653817,0.6312780726827276
174,0.8485585272664119,0.11438269443172329,0.8856173055682767,0.15144147273358805,0.9759049461177121,0.3652264912542981,0.8485585272664119
175,0.9617425300195476,0.05819477434679335,0.9418052256532067,0.03825746998045239,0.9857154028621328,0.7828162291169452,0.9617425300195476
176,0.8098349381017882,0.19798687477829016,0.8020131252217099,0.19016506189821183,0.829202378194734,0.7598816886259747,0.8098349381017882
177,0.9769924535247562,0.0900280614458877,0.9099719385541123,0.02300754647524388,0.9932456164050468,0.6304038004750594,0.9769924535247562
178,0.9231833910034603,0.2147866744593805,0.7852133255406195,0.07681660899653979,0.9731673415120565,0.42062115718114457,0.9231833910034603
179,0.9505649717514124,0.1399383632005479,0.8600616367994521,0.04943502824858757,0.9861350838968903,0.4899635985439418,0.9505649717514124
180,0.999138302455838,0.566860362739919,0.433139637260081,0.0008616975441619991,0.9991636698168437,0.4187281066050341,0.999138302455838
181,0.8309090909090909,0.21919165580182529,0.7808083441981747,0.1690909090909091,0.9824930191698302,0.1402270635164161,0.8309090909090909
182,0.8493653032440056,0.040872308325332604,0.9591276916746674,0.15063469675599436,0.9726462452617559,0.6689624527882693,0.8493653032440056
183,0.9653062867262336,0.3992457482684846,0.6007542517315154,0.0346937132737664,0.9707011998232555,0.5213459699156595,0.9653062867262336
184,0.8300114755088482,0.11443508568109208,0.8855649143189079,0.1699885244911518,0.7489351263352735,0.9721288862165317,0.8300114755088482
185,0.9063291139240506,0.20708446866485014,0.7929155313351499,0.09367088607594937,0.9710772376056042,0.39194879568805796,0.9063291139240506
186,0.7106976744186047,0.09801849405548217,0.9019815059445179,0.28930232558139535,0.9662982228001734,0.2917143948071783,0.7106976744186047
187,0.7437395659432388,0.04733538985214339,0.9526646101478566,0.25626043405676124,0.9683782252665191,0.5002807411566536,0.7437395659432388
188,0.9118712273641851,0.02814874050379848,0.9718512594962015,0.0881287726358149,0.9888159742614202,0.6821192052980133,0.9118712273641851
189,0.9819848293299621,0.4055368636629608,0.5944631363370392,0.01801517067003793,0.984350869968084,0.5284687672747375,0.9819848293299621
190,0.9489755557313504,0.603546677537709,0.3964533224622911,0.05102444426864963,0.9203875705866017,0.7297946768060837,0.9489755557313504
191,0.8913159296750133,0.12060960574980982,0.8793903942501902,0.10868407032498668,0.9885412570915014,0.2667836070802105,0.8913159296750133
192,0.6908790755262072,0.24014336917562723,0.7598566308243727,0.3091209244737928,0.9093659244917716,0.28396946564885495,0.6908790755262072
193,0.9263294422827497,0.6115645317471297,0.3884354682528704,0.07367055771725033,0.9687551570493427,0.1390792958404736,0.9263294422827497
194,0.920973348783314,0.1198768689533861,0.8801231310466139,0.07902665121668598,0.929395931466432,0.8536140049403931,0.920973348783314
195,0.8191826522101752,0.12956087111745804,0.8704391288825419,0.18081734778982486,0.8874905939437971,0.730205932644413,0.8191826522101752
196,0.7410506741050674,0.3425717984623108,0.6574282015376892,0.2589493258949326,0.959624515240477,0.10947802197802198,0.7410506741050674
197,0.8588781707752768,0.22163382704766002,0.77836617295234,0.1411218292247231,0.9754276827371695,0.22574889661001032,0.8588781707752768
198,0.9329760031471283,0.6061838893409276,0.3938161106590724,0.06702399685287175,0.9074143259858031,0.6141520732852103,0.9329760031471283
199,0.9425699928212491,0.04639477022148502,0.953605229778515,0.057430007178750894,0.9442356045706889,0.9508094967154606,0.9425699928212491
200,0.9180149063806581,0.005103800262087041,0.994896199737913,0.08198509361934193,0.9557344064386318,0.9855581576893052,0.9180149063806581
201,0.8988535653305146,0.1509544215037008,0.8490455784962991,0.10114643466948532,0.8761048726439759,0.9048496009821977,0.8988535653305146
202,0.9643507676294562,0.13449677794064774,0.8655032220593523,0.03564923237054385,0.9922322390429211,0.43248920527482787,0.9643507676294562
203,0.9782737215489211,0.3828037762663689,0.6171962237336311,0.021726278451078922,0.9731906744885863,0.7247344793605606,0.9782737215489211
204,0.9290248124639354,0.1395980871246766,0.8604019128753234,0.07097518753606463,0.9929271728817458,0.23158803222094362,0.9290248124639354
205,0.2457627118644068,0.15395835429031285,0.8460416457096872,0.7542372881355932,0.9895466290815128,0.009385113268608414,0.2457627118644068
206,0.9550048907727421,0.03302055261534465,0.9669794473846554,0.044995109227257905,0.9789831713074599,0.8962668298653611,0.9550048907727421
207,0.9884266499843604,0.5456076950248621,0.4543923049751379,0.011573350015639663,0.9962920278598988,0.1359724612736661,0.9884266499843604
208,0.8326180257510729,0.21912641134609098,0.780873588653909,0.16738197424892703,0.9975099760574621,0.02177817691962281,0.8326180257510729
209,0.9646378782726963,0.06061316607069582,0.9393868339293042,0.03536212172730364,0.989092815941269,0.7328855592870059,0.9646378782726963
210,0.741504854368932,0.05064655172413793,0.9493534482758621,0.25849514563106796,0.9148255523342997,0.7428571428571429,0.741504854368932
211,0.5739404869251578,0.056524083393242275,0.9434759166067578,0.4260595130748422,0.6734482311779189,0.890054186331061,0.5739404869251578
212,0.8844731977818854,0.19233005603129294,0.8076699439687071,0.11552680221811461,0.9848360780032147,0.20824719834620825,0.8844731977818854
213,0.9053681710213777,0.06653095843935539,0.9334690415606446,0.09463182897862232,0.9489688740873575,0.8293298520452568,0.9053681710213777
214,0.9093032308291163,0.38638058631174343,0.6136194136882566,0.09069676917088361,0.9654763668691658,0.2575239775107485,0.9093032308291163
215,0.9575802286978975,0.16884335863123173,0.8311566413687683,0.042419771302102546,0.9931990892693456,0.2919478182636077,0.9575802286978975
216,0.7740082079343366,0.3326399510553686,0.6673600489446314,0.22599179206566347,0.8926505945805445,0.34224534236631987,0.7740082079343366
217,0.7786561264822134,0.06707112430618303,0.932928875693817,0.22134387351778656,0.9851387930576934,0.2749092938878035,0.7786561264822134
218,0.9644846440799223,0.4548480250599579,0.5451519749400421,0.03551535592007767,0.9557353034838545,0.6700749103560905,0.9644846440799223
219,0.5970823202500868,0.11760411190935109,0.882395888090649,0.40291767974991316,0.8788290288042201,0.460549229738781,0.5970823202500868
220,0.9868780754510662,0.5814017660044151,0.418598233995585,0.013121924548933843,0.9849074401603585,0.4947069101373805,0.9868780754510662
221,0.6884892086330935,0.011965811965811967,0.9880341880341881,0.31151079136690646,0.9783342923619625,0.6744186046511628,0.6884892086330935
222,0.9153038975197602,0.5443847733375454,0.4556152266624546,0.08469610248023984,0.90945842590232,0.49351555898453286,0.9153038975197602
223,0.9214586255259467,0.06405869238347073,0.9359413076165293,0.0785413744740533,0.9940490422677399,0.34715984147952444,0.9214586255259467
224,0.8282510328546134,0.6002806655783716,0.39971933442162844,0.1717489671453866,0.9123185858484407,0.16726261422328167,0.8282510328546134
225,0.9186900056465274,0.20467249969619639,0.7953275003038036,0.08130999435347261,0.9659564407931677,0.491355228388071,0.9186900056465274
226,0.9170693686671862,0.4551138901295221,0.5448861098704779,0.08293063133281371,0.9578563789757198,0.27791950113378683,0.9170693686671862
227,0.68860103626943,0.09680395387149918,0.9031960461285008,0.31139896373056997,0.8500012479097512,0.6934154231451529,0.68860103626943
228,0.9499440089585667,0.1639845510138397,0.8360154489861603,0.05005599104143337,0.9747114731839783,0.6247606422153483,0.9499440089585667
229,0.9888015717092338,0.18209255533199195,0.817907444668008,0.011198428290766208,0.9934263637412063,0.6495869901910171,0.9888015717092338
230,0.7848324514991182,0.19513545004369356,0.8048645499563064,0.21516754850088182,0.9293183859100258,0.3991389362274643,0.7848324514991182
231,0.8547871567630394,0.10684607760920942,0.8931539223907906,0.14521284323696063,0.8979997958975405,0.8076183939601922,0.8547871567630394
232,0.9971213668864333,0.6073346789367452,0.39266532106325475,0.002878633113566719,0.9972169853667295,0.37689094801867257,0.9971213668864333
233,0.9621905884486354,0.10669289979634808,0.8933071002036519,0.03780941155136459,0.9776563253496222,0.7744289571626651,0.9621905884486354
234,0.8867304243873282,0.07685382222949746,0.9231461777705026,0.11326957561267184,0.9798200308822747,0.5129668049792531,0.8867304243873282
235,0.7727645611156686,0.05172636084680642,0.9482736391531936,0.22723543888433143,0.9855242873193802,0.31953867028493893,0.7727645611156686
236,0.9554933084344849,0.06291439516723148,0.9370856048327685,0.044506691565515094,0.9705640181144504,0.8778953388618816,0.9554933084344849
237,0.5259404712691195,0.19660994591742514,0.8033900540825749,0.47405952873088053,0.7624854368932039,0.46050131209845263,0.5259404712691195
238,0.539957159334322,0.004391264625268928,0.995608735374731,0.460042840665678,0.8690523649837019,0.9565090484530064,0.539957159334322
239,0.923360496701591,0.3443723813350169,0.6556276186649831,0.076639503298409,0.9721782003873921,0.2839668237961692,0.923360496701591
240,0.6962972464511715,0.016494100650132435,0.9835058993498675,0.3037027535488285,0.6966409703388926,0.9834531070716831,0.6962972464511715
241,0.273224043715847,0.001239701438570211,0.9987602985614298,0.726775956284153,0.9544553971088228,0.8793969849246231,0.273224043715847
242,0.9276485788113695,0.0059828844066341855,0.9940171155933658,0.07235142118863049,0.998592646578372,0.6023489932885906,0.9276485788113695
243,0.8973220979398446,0.7289944385991282,0.2710055614008718,0.10267790206015534,0.8224710945196246,0.8605239697466425,0.8973220979398446
244,0.8210197710718002,0.08957708957708958,0.9104229104229105,0.17898022892819979,0.9906203135650988,0.18408772748483435,0.8210197710718002
245,0.9083365949119374,0.5957093425605536,0.40429065743944637,0.09166340508806262,0.861148989150412,0.7294443047523259,0.9083365949119374
246,0.9289791437980242,0.11660731628358692,0.8833926837164131,0.07102085620197585,0.9650695100553381,0.7014504765851637,0.9289791437980242
247,0.9314932767162066,0.1645148821028218,0.8354851178971782,0.06850672328379334,0.9472651993898453,0.755655069468366,0.9314932767162066
248,0,0.19815,0.80185,0,1.0,0.0,0
249,0.9780910326086957,0.44359756097560976,0.5564024390243902,0.021908967391304348,0.9896787614513741,0.2756689483509645,0.9780910326086957
250,0.9751215766572818,0.1867578793061324,0.8132421206938676,0.024878423342718198,0.9734889810168013,0.8328888111582353,0.9751215766572818
251,0.7382321236076177,0.21063483766045188,0.7893651623395481,0.2617678763923823,0.91480528593147,0.36164407674705157,0.7382321236076177
252,0.7646532438478747,0.005189921022940956,0.9948100789770591,0.23534675615212527,0.8532707238830257,0.9867205542725174,0.7646532438478747
253,0.9509859959988568,0.31795108444854636,0.6820489155514536,0.04901400400114318,0.9576778333024862,0.6168319584762257,0.9509859959988568
254,0.9810536044362292,0.5868746809596733,0.4131253190403267,0.018946395563770795,0.9849327024668106,0.31584036895153794,0.9810536044362292
255,0.7278694673668417,0.15114147642059655,0.8488585235794034,0.2721305326331583,0.7862246777163904,0.7624255124091415,0.7278694673668417
256,0.3302723242558581,0.17085647471499563,0.8291435252850043,0.6697276757441418,0.6135574639137584,0.47151898734177217,0.3302723242558581
257,0.6686088856518573,0.14712858477682741,0.8528714152231726,0.3313911143481428,0.628954032361904,0.8949663912976551,0.6686088856518573
258,0.9393087946052262,0.30760836203662656,0.6923916379633734,0.060691205394773816,0.9590236499304414,0.5264843298860833,0.9393087946052262
259,0.6007500506790999,0.06321762792858565,0.9367823720714143,0.3992499493209001,0.8125802921444545,0.7567671092951992,0.6007500506790999
260,0.8308961119966733,0.20632748034883266,0.7936725196511674,0.16910388800332662,0.8686901302335593,0.6944106573993629,0.8308961119966733
261,0.9776343770624037,0.22057428972423473,0.7794257102757652,0.022365622937596245,0.9823137141200348,0.6962970700370815,0.9776343770624037
262,0.75875,0.4652295918367347,0.5347704081632653,0.24125,0.9824193842229915,0.03221184461897686,0.75875
263,0.6065522458135532,0.17637175363640728,0.8236282463635928,0.39344775418644684,0.6561502689887846,0.7598849748382459,0.6065522458135532
264,0.8538253825382538,0.04087919695396331,0.9591208030460366,0.14617461746174618,0.9196894394580026,0.889284709852817,0.8538253825382538
265,0.9584168336673347,0.49083944037308463,0.5091605596269154,0.04158316633266533,0.9676791277258567,0.3936213991769547,0.9584168336673347
266,0.9161732265180541,0.029152196769363113,0.9708478032306369,0.0838267734819459,0.9637249729946994,0.8960935725641608,0.9161732265180541
267,0.8978338182993857,0.3694314244956185,0.6305685755043815,0.10216618170061428,0.9028170746709312,0.6050372565253388,0.8978338182993857
268,0.9594940849370333,0.520155146142125,0.47984485385787506,0.0405059150629668,0.9495895243910714,0.6097349731508748,0.9594940849370333
269,0.7370681940218364,0.1318106529509197,0.8681893470490802,0.26293180597816357,0.9204505455825414,0.4758493182343425,0.7370681940218364
270,0.8689377056139234,0.5004415083232495,0.4995584916767505,0.1310622943860766,0.9047545598272472,0.34857386121753936,0.8689377056139234
271,0.6863727454909819,0.10643616461425114,0.8935638353857489,0.313627254509018,0.9657745824335038,0.2530009233610342,0.6863727454909819
272,0.9626604434072346,0.03381771150334754,0.9661822884966524,0.03733955659276546,0.9741564242990183,0.9369011285399957,0.9626604434072346
273,0.9959203496843128,0.14041407170510015,0.8595859282948999,0.004079650315687227,0.9976582754871623,0.7108291735995563,0.9959203496843128
274,0.8528678304239401,0.019672213944796586,0.9803277860552034,0.14713216957605985,0.9969959266802444,0.3050847457627119,0.8528678304239401
275,0.967997651203758,0.1808493195605837,0.8191506804394163,0.032002348796241926,0.9934907885700636,0.33252647503782146,0.967997651203758
276,0.6992878722485973,0.04243134192372771,0.9575686580762723,0.30071212775140266,0.8656317045536726,0.8324983943481054,0.6992878722485973
277,0.9318815331010453,0.14183494293239685,0.8581650570676032,0.0681184668989547,0.938168783933372,0.8323996265172736,0.9318815331010453
278,0.9086195722618277,0.3279193989664307,0.6720806010335693,0.09138042773817238,0.9087647058823529,0.6713097984590607,0.9086195722618277
279,0.9822222222222222,0.47353403141361256,0.5264659685863874,0.017777777777777778,0.997083352321925,0.08903661177418543,0.9822222222222222
280,0.9770689655172414,0.09298245614035087,0.9070175438596492,0.02293103448275862,0.992801666982383,0.6405561207188878,0.9770689655172414
281,0.9242486620008233,0.049285754937112285,0.9507142450628877,0.07575133799917662,0.9809504089450254,0.7216329154612665,0.9242486620008233
282,0.9725738396624473,0.4206620636252178,0.5793379363747823,0.027426160337552744,0.9818442427138079,0.40184429049869247,0.9725738396624473
283,0.6783333333333333,0.11662162162162162,0.8833783783783784,0.32166666666666666,0.9473396998635744,0.32047244094488186,0.6783333333333333
284,0.6837748344370861,0.10067011879378616,0.8993298812062138,0.3162251655629139,0.9894547964113182,0.0943137702671843,0.6837748344370861
285,0.9227272727272727,0.3010341261633919,0.698965873836608,0.07727272727272727,0.992831541218638,0.09469755870004665,0.9227272727272727
286,0.9711175616835994,0.25460585925702206,0.7453941407429779,0.02888243831640058,0.9874720639617237,0.4424971893393294,0.9711175616835994
287,0.12295081967213115,0.04887406590099804,0.9511259340990019,0.8770491803278688,0.9943917396089942,0.007637474541751527,0.12295081967213115
288,0.9575255290809531,0.2886923562855338,0.7113076437144662,0.042474470919046915,0.9812968393613555,0.40268874089749174,0.9575255290809531
289,0.501105379513633,0.12194925709381538,0.8780507429061847,0.498894620486367,0.9264270383350993,0.23023531403419673,0.501105379513633
290,0.7826887661141805,0.03347948399523532,0.9665205160047646,0.21731123388581952,0.9939170554424311,0.2434135166093929,0.7826887661141805
291,0.9772492244053774,0.2538742871311679,0.7461257128688321,0.022750775594622543,0.9889948413318743,0.47996952574439716,0.9772492244053774
292,0.7561808335295502,0.026883768171142006,0.973116231828858,0.24381916647044974,0.8995245488065204,0.883493810178817,0.7561808335295502
293,0.8124829281617044,0.12011138992594406,0.8798886100740559,0.18751707183829555,0.9266716513565477,0.6024913915333199,0.8124829281617044
294,0.8771109379059496,0.023249334406538296,0.9767506655934617,0.1228890620940504,0.9529294688394079,0.8999067039850727,0.8771109379059496
295,0.8445544554455445,0.4129835001352448,0.5870164998647552,0.15544554455445544,0.962623497202714,0.14354630616480618,0.8445544554455445
296,0.9244217321140398,0.7057486795234,0.2942513204765999,0.0755782678859602,0.9360637087599545,0.2302384780278671,0.9244217321140398
297,0.972651775486827,0.8343658126837463,0.16563418731625368,0.027348224513172967,0.9535656401944894,0.5618383325981473,0.972651775486827
298,0.585070692547328,0.39135654261704683,0.6086434573829532,0.4149293074526719,0.7771198712791633,0.28272827282728275,0.585070692547328
299,0.9447711045779085,0.48319969453990075,0.5168003054600993,0.055228895422091556,0.9319710294878427,0.6399715504978662,0.9447711045779085
300,0.9425837320574163,0.14747441490383295,0.852525585096167,0.05741626794258373,0.9882856240489247,0.3838835396607061,0.9425837320574163
301,0.9430043959375474,0.1653144927102356,0.8346855072897644,0.05699560406245263,0.9784242841567682,0.5297624116494933,0.9430043959375474
302,0.9688000754076728,0.043210506617672076,0.9567894933823279,0.03119992459232727,0.9830521492025294,0.8900242466227918,0.9688000754076728
303,0.9615384615384616,0.3466815167316357,0.6533184832683643,0.038461538461538464,0.99855639554762,0.033519158845529605,0.9615384615384616
304,0.16229858279945641,0.016958879738299522,0.9830411202617004,0.8377014172005436,0.8026255603329979,0.5858444288717589,0.16229858279945641
